2 2 11 2 2 11 11 2 11 2
2 2 2 11 2 2 2 11 2 2
11 2 11 2 2 2 11 2 2 11
2 11 2 20 11 2 20 11 11 2
11 2 2 2 11 2 2 2 2 2
2 2 2 2 20 11 11 2 2 20
11 11 2 2 11 2 20 2 2 2
2 2 11 11 2 11 2 2 11 2
2 11 2 2 20 2 2 2 2 11
2 2 2 2 11 11 2 2 11 2
2 20 2 11 2 2 2 11 11 2
2 2 2 2 11 11 2 2 11 20
2 11 2 11 2 11 2 2 11 2
11 11 2 11 2 11 2 11 2 2
2 2 11 11 2 2 2 2 11 2
11 11 2 2 11 11 2 2 2 2
2 2 2 11 2 2 2 20 11 11
2 2 2 2 2 2 11 2 2 2
11 20 2 11 2 11 2 11 11 11
2 11 20 11 2 2 11 20 2 11
11 2 20 2 2 2 11 2 11 11
2 11 2 2 2 11 11 2 2 20
2 11 11 2 2 2 2 2 20 2
2 20 2 11 11 2 2 2 11 11
2 2 2 2 2 2 2 11 11 2
2 2 2 2 2 11 2 11 11 2
2 2 2 11 2 2 2 11 2 11
2 2 11 2 2 2 2 11 11 2
2 11 2 2 11 11 2 2 2 2
2 2 11 11 11 11 20 2 2 2
11 2 11 2 2 2 2 2 2 11
11 11 2 2 2 11 2 11 11 2
2 11 11 2 2 11 20 11 2 11
2 11 2 11 2 2 11 2 2 11
2 11 2 2 2 11 2 2 11 2
2 2 2 11 11 2 2 2 2 2
2 2 11 2 2 2 2 2 2 2
2 2 2 11 2 11 2 20 2 2
2 11 11 2 2 2 2 2 11 2
2 2 11 11 11 2 2 11 11 2
11 2 11 2 11 2 11 2 11 2
11 20 2 2 11 2 2 2 2 2
2 2 11 11 11 2 2 2 2 2
2 2 11 11 11 11 2 2 2 2
11 2 11 2 11 2 2 2 2 2
2 11 2 11 11 2 11 2 11 2
2 11 11 2 2 2 11 2 2 11
2 11 2 11 2 11 2 11 2 2
2 2 11 2 2 2 11 2 2 2
20 2 11 11 2 2 2 2 11 2
2 11 11 11 11 11 11 2 20 20
11 11 11 2 11 2 2 2 2 11
11 2 2 11 11 2 2 2 11 2
11 2 2 2 11 11 2 2 11 11
2 11 2 20 11 11 2 11 11 2
2 11 11 2 2 2 11 2 2 20
2 2 2 11 2 11 2 2 20 2
11 2 2 11 2 2 2 2 11 11
2 11 2 2 2 2 20 11 2 11
2 2 2 2 2 2 2 2 2 2
11 11 11 2 2 2 2 2 11 2
2 11 11 11 11 2 2 2 2 11
2 2 2 2 11 2 2 2 11 2
2 2 11 2 2 2 2 2 2 2
2 11 2 2 2 2 2 2 20 2
11 2 2 2 11 2 2 2 2 20
20 2 2 2 2 2 2 2 11 2
11 2 11 2 2 11 2 2 2 11
2 2 20 11 2 20 2 2 11 11
2 2 2 11 11 2 11 2 2 2
2 11 2 2 2 11 11 2 2 2
11 11 2 2 2 2 2 20 2 11
2 11 20 20 11 2 11 2 2 11
20 2 2 2 11 11 2 2 11 2
2 2 11 2 11 2 2 2 2 2
11 2 2 2 2 2 11 2 11 11
11 2 2 2 2 2 2 20 2 11
2 2 2 11 11 2 2 2 2 11
2 2 2 2 2 2 2 2 11 11
2 2 11 2 11 11 2 2 2 2
11 2 2 2 2 11 11 11 11 2
2 2 2 2 11 2 11 11 11 11
11 11 11 11 2 2 2 2 20 11
2 11 2 11 2 20 2 11 2 11
2 2 2 20 2 2 20 2 2 11
11 2 11 11 2 11 11 11 2 2
11 2 2 2 2 2 11 2 11 2
2 2 2 2 11 2 11 2 2 2
11 11 2 2 2 11 11 2 11 2
2 11 11 2 2 2 11 2 11 11
2 11 11 11 2 2 2 2 2 2
11 2 11 2 11 2 11 2 11 2
2 11 11 11 2 2 2 2 2 11
11 2 2 2 2 11 2 11 11 11
2 11 11 2 2 2 2 11 11 11
2 11 2 2 2 11 2 11 11 2
11 11 11 2 11 2 11 2 11 2
2 2 2 2 2 2 2 2 11 11
2 2 2 2 2 2 2 2 2 11
2 11 11 2 11 2 20 11 2 2
